3.0843
3.0442
3.0667
3.0304
3.0459
3.1074
3.1212
3.1356
3.199
3.2138
3.2493
3.272
3.2785
3.2354
3.2849
3.2489
3.2295
3.1338
3.1957
3.1784
3.268
3.2726
3.1276
3.122
3.1553
3.2156
3.1856
3.2387
3.2752
3.2115
3.21
3.3189
3.2837
3.2143
3.2577
3.2915
3.2653
3.2702
3.2738
3.212
3.2098
3.3069
3.2895
3.2183
3.2125
3.2395
3.2697
3.2431
3.264
3.2934
3.1977
3.2269
3.2478
3.2955
3.2829
3.3172
3.2397
3.2072
3.1637
3.2127
3.2747
3.3004
3.2124
3.2284
3.1916
3.2489
3.2519
3.2208
3.2247
3.2504
3.24
3.2373
3.2511
3.2641
3.2246
3.2241
3.2753
3.2576
3.2225
3.2237
3.2274
3.1997
3.1951
3.2112
3.1885
3.1994
3.1891
3.1759
3.2005
3.2051
3.2091
3.0716
3.0623
3.1146
3.1587
3.1255
3.1566
3.1311
3.1139
3.0956
3.0918
3.0912
3.0614
3.1339
3.1002
3.0874
3.113
3.1205
3.1645
3.0705
3.0406
3.0334
3.0409
3.0135
2.98
2.9599
2.9722
3.0123
2.9962
3.0115
2.9886
2.9448
2.9998
2.9465
2.9507
2.9847
3.0121
2.9736
2.948
2.9533
3.0029
3.0346
3.0107
3.0406
3.0589
2.984
2.9605
3.0007
3.0382
2.9926
2.9973
2.9927
3.0395
3.0222
3.0067
2.9852
3.0034
3.0331
2.9773
3.0086
2.9929
3.0308
3.2176
3.1613
3.2091
3.1309
3.0483
3.0253
3.0641
3.2513
3.1122
3.0883
3.055
3.0321
3.076
3.2158
3.0087
3.0512
3.0395
3.1294
3.1257
3.1142
3.0883
3.1861
3.2059
3.0586
3.0466
3.1593
3.2155
2.9173
2.9022
2.9396
2.9085
2.9507
2.9497
2.945
2.9669
2.9516
2.899
2.9542
2.9332
2.9182
2.8916
2.8987
2.9432
2.9376
2.9026
2.9514
2.842
2.9203
2.8511
2.9575
2.8642
2.8989
2.9208
2.9737
2.8656
2.8243
2.8828
2.8302
2.8284
2.8899
2.6568
2.6542
2.7664
2.6463
2.6134
2.6151
2.6866
2.7483
2.5997
2.7849
2.7749
2.687
2.6344
2.6293
2.8419
2.7752
2.61
2.647
2.6244
2.6374
2.6373
2.6356
2.6347
2.6053
2.6147
3.0219
2.9764
3.033
2.9945
2.6334
2.6426
2.6236
2.6112
2.6005
2.6266
2.6318
2.6266
2.6237
2.6398
2.6207
2.6094
2.6084
2.5854
2.5827
2.5876
2.5968
2.5946
2.5773
2.606
2.5898
2.5912
2.5913
2.5703
2.5838
2.5894
2.6031
2.6072
2.5726
2.5651
2.5637
2.5697
2.5785
2.546
2.544
2.5519
2.5283
2.5578
2.5612
2.5631
2.568
2.5809
2.5825
2.5871
2.595
2.5922
2.6142
2.5939
2.5935
2.6145
2.6169
2.6279
2.6075
2.622
2.6569
2.6506
2.6429
2.6188
2.6881
2.6869
2.6934
2.6975
2.7089
2.6892
2.6929
2.6773
2.7361
2.7339
2.7171
2.7205
2.7279
2.7197
2.723
2.7294
2.7082
2.7157
2.7147
2.7013
2.672
2.6601
2.6483
2.6473
2.6595
2.6828
2.707
2.7036
2.6928
2.7186
2.7487
2.736
2.7308
2.7678
2.7595
2.7501
2.7244
2.7126
2.7112
2.6951
2.6877
2.686
2.7199
2.7511
2.7575
2.7477
2.7391
2.7264
2.6947
2.6878
2.6932
2.7263
2.6959
2.6784
2.6648
2.6494
2.6391
2.6332
2.628
2.6186
2.6053
2.6145
2.5918
2.5911
2.6033
2.5999
2.6106
2.6352
2.6389
2.6334
2.6169
2.6148
2.6345
2.6213
2.6373
2.6498
2.644
2.6631
2.6676
2.6534
2.6459
2.6428
2.6339
2.6199
2.6289
2.6348
2.6258
2.6179
2.6148
2.6174
2.6098
2.6232
2.6136
2.6118
2.6192
2.6175
2.6289
2.6284
2.6317
2.6532
2.6411
2.6431
2.619
2.6036
2.5851
2.5847
2.5769
2.5756
2.5695
2.5548
2.5503
2.5804
2.5738
2.5736
2.556
2.5395
2.5397
2.5339
2.5119
2.4964
2.4817
2.4948
2.4817
2.4872
2.4945
2.4954
2.4772
2.4913
2.5103
2.5204
2.513
2.5018
2.5134
2.5221
2.5117
2.4828
2.4875
2.4806
2.4738
2.471
2.4698
2.4636
2.4806
2.4756
2.4966
2.4851
2.48
2.4928
2.4899
2.4964
2.4948
2.5028
2.5116
2.5362
2.493
2.5347
2.5788
2.5898
2.585
2.5768
2.5932
2.5805
2.5719
2.5702
2.5848
2.5868
2.5924
2.5912
2.5783
2.5654
2.535
2.5353
2.5557
2.519
2.5503
2.5388
2.5021
2.4935
2.4921
2.4846
2.4826
2.5435
2.5565
2.6447
2.6062
2.5842
2.5376
2.544
2.5355
2.5539
2.5417
2.5305
2.5456
2.5337
2.509
2.5098
2.5107
2.534
2.5105
2.492
2.4916
2.4873
2.4784
2.4729
2.4711
2.4779
2.4693
2.4369
2.4229
2.3965
2.4066
2.4075
2.4068
2.3836
2.3942
2.406
2.4342
2.434
2.4323
2.4315
2.4262
2.4271
2.4021
2.4109
2.4001
2.4125
2.4112
2.3796
2.3617
2.3468
2.3614
2.3778
2.3745
2.3307
2.3298
2.3209
2.3007
2.2844
2.2712
2.2886
2.2872
2.2873
2.2883
2.2943
2.2648
2.2721
2.267
2.2731
2.255
2.2552
2.2475
2.2633
2.2757
2.2767
2.2882
2.2853
2.2636
2.2549
2.2706
2.2702
2.2907
2.2893
2.2919
2.2903
2.2849
2.283
2.2923
2.2825
2.2804
2.2804
2.2828
2.2661
2.2599
2.274
2.2795
2.2937
2.303
2.3477
2.3523
2.3551
2.3706
2.4069
2.4178
2.4159
2.4201
2.4328
2.4273
2.4234
2.4218
2.4223
2.4303
2.4272
2.4085
2.4226
2.4275
2.4292
2.4068
2.4243
2.3994
2.4018
2.3995
2.3957
2.4122
2.4189
2.4341
2.4621
2.4877
2.5127
2.4851
2.4682
2.4431
2.4257
2.4043
2.4
2.3968
2.3904
2.408
2.3956
2.3974
2.3863
2.4048
2.4022
2.3957
2.3675
2.4
2.3945
2.3647
2.4082
2.4341
2.4459
2.4241
2.465
2.4638
2.4417
2.428
2.4332
2.4083
2.4042
2.4217
2.4462
2.412
2.3723
2.3946
2.435
2.4769
2.5024
2.5224
2.5067
2.4994
2.4634
2.4513
2.4589
2.5666
2.4887
2.4702
2.4387
2.3916
2.37
2.368
2.3518
2.337
2.3053
2.3047
2.3221
2.3255
2.3209
2.3347
2.317
2.2895
2.3135
2.3013
2.3143
2.3185
2.3273
2.3132
2.3111
2.2996
2.2928
2.2956
2.288
2.301
2.2978
2.3037
2.3061
2.3012
2.3138
2.2732
2.2469
2.2312
2.233
2.2289
2.2296
2.2431
2.2277
2.2453
2.2208
2.2311
2.2357
2.2188
2.2206
2.2252
2.2208
2.2283
2.2339
2.2181
2.2107
2.2256
2.2214
2.2341
2.2495
2.2571
2.2609
2.2617
2.2601
2.2687
2.2732
2.275
2.2707
2.261
2.2844
2.287
2.2869
2.284
2.2706
2.2717
2.2871
2.2869
2.2976
2.3088
2.3184
2.312
2.3109
2.2861
2.2961
2.2735
2.2758
2.2752
2.2981
2.3012
2.294
2.2918
2.2908
2.3079
2.2939
2.3036
2.3124
2.3053
2.3099
2.3056
2.3102
2.3138
2.3167
2.3457
2.3909
2.3579
2.3533
2.3349
2.3464
2.3298
2.2907
2.2882
2.2823
2.27
2.2647
2.2632
2.2798
2.2913
2.2999
2.2859
2.2711
2.2619
2.2842
2.294
2.2835
2.2995
2.3019
2.3058
2.3128
2.337
2.3282
2.3414
2.3412
2.3517
2.3655
2.3592
2.3584
2.3367
2.3179
2.3259
2.321
2.2915
2.2919
2.3039
2.2994
2.3211
2.3029
2.2985
2.2951
2.2991
2.2932
2.2853
2.2979
2.291
2.2807
2.2751
2.2715
2.2673
2.2542
2.2525
2.2438
2.2586
2.273
2.2768
2.285
2.2702
2.2718
2.2917
2.2984
2.2914
2.2962
2.2982
2.2892
2.2821
2.2734
2.2697
2.2605
2.2511
2.2543
2.2391
2.2369
2.2524
2.2054
2.1812
2.1866
2.1818
2.1917
2.2042
2.2
2.2192
2.2068
2.2177
2.2182
2.2127
2.2222
2.2194
2.2155
2.2226
2.2246
2.2349
2.2466
2.264
2.2548
2.2694
2.2802
2.2648
2.2573
2.2408
2.2222
2.2338
2.2405
2.253
2.2405
2.2349
2.2373
2.2739
2.2862
2.2902
2.307
2.3388
2.3452
2.3461
2.3385
2.342
2.3504
2.3466
2.356
2.3491
2.3446
2.3638
2.3607
2.361
2.396
2.3706
2.3874
2.3691
2.3638
2.3742
2.3546
2.3674

2.3889
2.3594
2.3517
2.32
2.3387
2.324
2.3271
2.3369
2.3213
2.3106
2.3198
2.3394
2.339
2.3113
2.334
2.3078
2.3036
2.3201
2.3247
2.3049
2.3019
2.3026
2.2971
2.2798
2.271
2.2406
2.2419
2.2513
2.2215
2.2008
2.1971
2.1867
2.1914
2.1939
2.2011
2.2352
2.2124
2.234
2.2369
2.2347
2.2241
2.238
2.234
2.2324
2.2433
2.228
2.2386
2.2519
2.2554
2.2499
2.2682
2.2694
2.2744
2.298
2.3077
2.3261
2.3123
2.3091
2.3218
2.318
2.2843
2.2924
2.3042
2.2957
2.2928
2.2881
2.2686
2.2765
2.2691
2.3122
2.3043
2.2978
2.2524
2.2331
2.2099
2.2142
2.2266
2.2297
2.2422
2.2215
2.2175
2.2377
2.2337
2.2082
2.1946
2.1928
2.1879
2.2055
2.1975
2.1749
2.1772
2.2
2.2002
2.2048
2.2132
2.1991
2.1836
2.2081
2.2164
2.2272
2.2232
2.2087
2.2262
2.2491
2.2262
2.2343
2.2492
2.2556
2.26
2.3236
2.3026
2.3473
2.3067
2.248
2.225
2.2313
2.229
2.2256
2.2589
2.2687
2.3113
2.3477
2.2912
2.2866
2.2792
2.2936
2.2959
2.3044
2.3308
2.3278
2.3254
2.3447
2.3441
2.3426
2.3576
2.3738
2.367
2.3741
2.3744
2.3845
2.3971
2.3752
2.3752
2.3446
2.3662
2.3953
2.4043
2.414
2.4401
2.4324
2.3952
2.3884
2.4081
2.4384
2.4302
2.4278
2.4222
2.4197
2.418
2.4259
2.4144
2.4154
2.4345
2.4275
2.4215
2.4435
2.4418
2.4253
2.4471
2.4719
2.4678
2.468
2.4692
2.4528
2.4557
2.4886
2.5143
2.5312
2.5284
2.5284
2.5342
2.5411
2.5549
2.5681
2.5758
2.5765
2.5653
2.5703
2.612
2.6006
2.5882
2.5991
2.5848
2.5699
2.5698
2.5117
2.5275
2.5405
2.5505
2.5438
2.5585
2.5345
2.5309
2.5041
2.4932
2.4969
2.4882
2.4817
2.4917
2.5113
2.4934
2.5034
2.4994
2.5316
2.537
2.5468
2.5516
2.5716
2.5438
2.5522
2.5636
2.5618
2.5846
2.5904
2.5953
2.5792
2.565
2.573
2.5811
2.595
2.6136
2.6251
2.601
2.6132
2.6028
2.5791
2.5808
2.5734
2.5679
2.5505
2.5489
2.5662
2.5876
2.5761
2.5639
2.5685
2.557
2.5546
2.5652
2.5556
2.5904
2.6045
2.5574
2.5859
2.5685
2.5749
2.562
2.5775
2.5998
2.6193
2.6012
2.5575
2.5562
2.545
2.5514
2.5738
2.5735
2.5708
2.5784
2.5925
2.5759
2.5887
2.6046
2.5808
2.605
2.6088
2.6264
2.6382
2.6401
2.6505
2.6726
2.6625
2.6571
2.6568
2.6368
2.6464
2.6677
2.6442
2.6756
2.6497
2.6436
2.6419
2.6469
2.678
2.7048
2.6914
2.7089
2.6731
2.6493
2.6619
2.6293
2.6168
2.6289
2.6194
2.6237
2.6281
2.6396
2.602
2.6029
2.6176
2.6277
2.5813
2.6336
2.6129
2.6141
2.6393
2.6482
2.6482
2.6495
2.6679
2.6697
2.695
2.6904
2.6957
2.6989
2.701
2.7122
2.7293
2.7279
2.7472
2.7537
2.785
2.8084
2.8025
2.7686
2.7321
2.7401
2.7271
2.7222
2.7367
2.7469
2.7209
2.8152
2.721
2.7368
2.7652
2.7612
2.7325
2.7519
2.7427
2.6887
2.6851
2.7099
2.725
2.7136
2.7084
2.7388
2.7345
2.7713
2.7466
2.7677
2.7752
2.832
2.8136
2.7991
2.8318
2.8322
2.8254
2.8034
2.7819
2.7959
2.8217
2.833
2.8759
2.8369
2.8039
2.8151
2.8066
2.806
2.8549
2.8339
2.8605
2.885
2.8973
2.9081
2.9121
2.9014
2.8727
2.8866
2.9052
2.8761
2.8366
2.8771
2.9223
2.8859
2.9044
2.9241
2.9704
2.9853
2.9816
3.0049
3.0572
3.0767
3.0608
3.0178
3.0426
3.0442
3.0581
3.0522
3.0519
3.0624
2.9982
2.9523
2.9706
2.9589
2.9724
2.974
3.0203
2.9981
3.0244
2.9954
3.0172
3.0468
3.0409
3.0093
3.0144
3.0503
3.0558
3.0459
2.997
2.952
2.933
2.9121
2.8958
2.9137
2.9468
2.9763
2.9208
2.917
2.9229
2.9559
2.9618
2.9841
3.005
2.964
2.9795
3.0381
3.0462
3.005
3.0121
3.0259
3.0597
3.05
3.0813
3.0853
3.1307
3.0598
3.0785
3.0656
3.1228
3.0902
2.9977
2.9517
3.1619
3.2456
3.2436
3.3127
3.3777
3.3338
3.3219
3.3077
3.3024
3.4374
3.3228
3.2705
3.2481
3.1993
3.1663
3.2406
3.1845
3.158
3.2246
3.131
3.039
2.9546
2.9823
2.9707
2.9077
3.0393
3.0243
3.0215
3.0627
3.0198
2.9887
2.9279
2.9148
2.9419
2.9083
2.8484
2.8069
2.7315
2.7851
2.7305
2.742
2.7525
2.8096
2.6906
2.7521
2.7782
2.757
2.8469
2.9916
3.2362
3.0008
2.8372
2.8329
2.8745
3.0452
2.8435
2.8258
3.022
3.1232
3.062
3.341
2.9602
2.8922
2.8411
2.7201
2.6829
2.7525
2.7115
2.7091
2.7235
2.7024
2.67
2.6283
2.628
2.7169
2.5831
2.5945
2.5871
2.536
2.5243
2.5159
2.4591
2.4199
2.4622
2.4315
2.4064
2.4027
2.4011
2.4071
2.3922
2.3959
2.3985
2.3979
2.3893
2.3922
2.3903
2.4132
2.4025
2.3994
2.3983
2.4127
2.4134
2.4094
2.436
2.4356
2.4333
2.4308
2.4325
2.4353
2.4419
2.4405
2.4734
2.4735
2.4808
2.4718
2.488
2.5168
2.5122
2.5179
2.519
2.531
2.5562
2.5316
2.545
2.5274
2.5282
2.511
2.5168
2.5274
2.5535
2.5231
2.5371
2.5112
2.5282
2.5015
2.5021
2.5089
2.4956
2.5048
2.488
2.5015
2.5062
2.5189
2.5131
2.5307
2.5435
2.5328
2.5745
2.5353
2.5048
2.5271
2.5267
2.533
2.5391
2.5637
2.6033
2.6065
2.6154
2.6024
2.6111
2.5893
2.5773
2.5565
2.5513
2.5733
2.582
2.5739
2.5892
2.6279
2.6041
2.5652
2.5795
2.5596
2.5588
